2 3
1 2 3
8 9 10

Yes

2 1
1
2

No

10 4
1346 1347 1348 1349
1353 1354 1355 1356
1360 1361 1362 1363
1367 1368 1369 1370
1374 1375 1376 1377
1381 1382 1383 1384
1388 1389 1390 1391
1395 1396 1397 1398
1402 1403 1404 1405
1409 1410 1411 1412

Yes

10 4
1346 1347 1348 1349
1353 1354 1355 1356
1360 1361 1362 1363
1367 1368 1369 1370
1374 1375 1376 1377
1381 1385 1383 1384
1388 1389 1390 1391
1395 1396 1397 1398
1402 1403 1404 1405
1409 1410 1411 1412

No

1 3
7 8 9

No

1 1
1935

Yes

2 1
49
56

Yes

1 2
49 50

No

2 2
48 49
55 56

Yes

2 2
55 56
48 49

No

2 7
1 2 3 4 5 6 7
8 9 10 11 12 13 14

Yes

2 7
2 3 4 5 6 7 8
9 10 11 12 13 14 15

No

2 7
8 9 10 11 12 13 14
1 2 3 4 5 6 7

No

2 7
1 2 3 4 5 6 7
8 9 17 11 12 20 14

No
