2 3
2 3
3 5

10

3 7
1 2 1
2 1 2

2

4 8
701687787 500872619 516391519 599949380
458299111 633119409 377269575 717229869

317112176525562171

3 3
2 2 2
2 2 2

4

10 1
42 9 18 47 30 35 100 76 99 99
25 40 97 97 49 27 57 85 49 56

225

10 20
42 9 18 47 30 35 100 76 99 99
25 40 97 97 49 27 57 85 49 56

1008

10 100
42 9 18 47 30 35 100 76 99 99
25 40 97 97 49 27 57 85 49 56

9700

10 24
42 9 18 47 30 30 30 76 99 99
25 40 30 97 49 27 30 85 49 30

882

10 25
42 9 18 47 30 30 30 76 99 99
25 40 30 97 49 27 30 85 49 30

900

10 26
42 9 18 47 30 30 30 76 99 99
25 40 30 97 49 27 30 85 49 30

900

10 32
42 9 18 47 30 30 30 76 99 99
25 40 30 97 49 27 30 85 49 30

900

10 33
42 9 18 47 30 30 30 76 99 99
25 40 30 97 49 27 30 85 49 30

900

10 34
42 9 18 47 30 30 30 76 99 99
25 40 30 97 49 27 30 85 49 30

1050

10 45
26 30 73 20 48 67 13 88 1 95
26 1 24 8 14 31 53 85 82 100

806
